[gd_scene load_steps=15 format=2]

[ext_resource path="res://3d/meshes/light.mesh" type="ArrayMesh" id=1]
[ext_resource path="res://3d/anims/camera1.anim" type="Animation" id=2]
[ext_resource path="res://3d/meshes/books2.mesh" type="ArrayMesh" id=3]
[ext_resource path="res://3d/meshes/window.mesh" type="ArrayMesh" id=4]
[ext_resource path="res://3d/meshes/walls.mesh" type="ArrayMesh" id=5]
[ext_resource path="res://3d/meshes/cauldron.mesh" type="ArrayMesh" id=6]
[ext_resource path="res://3d/meshes/broomstick.mesh" type="ArrayMesh" id=7]
[ext_resource path="res://3d/meshes/bookshelf.mesh" type="ArrayMesh" id=8]
[ext_resource path="res://3d/meshes/books3.mesh" type="ArrayMesh" id=9]
[ext_resource path="res://3d/meshes/books1.mesh" type="ArrayMesh" id=10]
[ext_resource path="res://3d/anims/broom.anim" type="Animation" id=11]
[ext_resource path="res://3d/anims/camera3.anim" type="Animation" id=12]
[ext_resource path="res://3d/anims/camera2.anim" type="Animation" id=13]
[ext_resource path="res://3d/Room.gd" type="Script" id=14]

[node name="Room" type="Spatial"]
script = ExtResource( 14 )

[node name="Camera" type="Camera" parent="."]
transform = Transform( 1, 0, 0, 0, 1, 0.000125467, 0, -0.000125467, 1, 0, 0.241093, 0.394328 )
current = true
fov = 30.6181
near = 0.1
far = 1000.0

[node name="Broomstick" type="MeshInstance" parent="."]
transform = Transform( 0.914067, 0.159501, -0.372883, -0.0358306, 0.947582, 0.317496, 0.403978, -0.276852, 0.871869, -1.95783, 1.03284, 0.72103 )
mesh = ExtResource( 7 )

[node name="Bookshelf3002" type="MeshInstance" parent="."]
transform = Transform( -0.258819, 0, 0.965926, 0, 1, 0, -0.965926, 0, -0.258819, -2.89778, 1, 0.776457 )
mesh = ExtResource( 8 )

[node name="Books3002" type="MeshInstance" parent="Bookshelf3002"]
transform = Transform( 1, 0, 0, 0, 1, 0, 0, 0, 1, -1.78814e-07, 0, 2.38419e-07 )
mesh = ExtResource( 9 )

[node name="Bookshelf2003" type="MeshInstance" parent="."]
transform = Transform( -0.642788, 0, 0.766044, 0, 1, 0, -0.766044, 0, -0.642788, -2.29813, 1, 1.92836 )
mesh = ExtResource( 8 )

[node name="Books2003" type="MeshInstance" parent="Bookshelf2003"]
mesh = ExtResource( 3 )

[node name="Bookshelf2002" type="MeshInstance" parent="."]
transform = Transform( -0.642788, 0, -0.766044, 0, 1, 0, 0.766044, 0, -0.642788, 2.29813, 1, 1.92836 )
mesh = ExtResource( 8 )

[node name="Books2002" type="MeshInstance" parent="Bookshelf2002"]
mesh = ExtResource( 3 )

[node name="Bookshelf1002" type="MeshInstance" parent="."]
transform = Transform( -0.258819, 0, -0.965926, 0, 1, 0, 0.965926, 0, -0.258819, 2.89778, 1, 0.776457 )
mesh = ExtResource( 8 )

[node name="Books1002" type="MeshInstance" parent="Bookshelf1002"]
transform = Transform( 1, 0, 0, 0, 1, 0, 0, 0, 1, -5.96046e-08, 0, 0 )
mesh = ExtResource( 10 )

[node name="Cauldron" type="MeshInstance" parent="."]
mesh = ExtResource( 6 )

[node name="Light" type="MeshInstance" parent="."]
transform = Transform( 1, 0, 0, 0, 1, 0, 0, 0, 1, 0, 0.01, 0 )
mesh = ExtResource( 1 )

[node name="Window" type="MeshInstance" parent="."]
mesh = ExtResource( 4 )

[node name="Walls" type="MeshInstance" parent="."]
mesh = ExtResource( 5 )

[node name="Bookshelf3001" type="MeshInstance" parent="."]
transform = Transform( 0.173648, 0, -0.984808, 0, 1, 0, 0.984808, 0, 0.173648, 2.95442, 1, -0.520944 )
mesh = ExtResource( 8 )

[node name="Books3001" type="MeshInstance" parent="Bookshelf3001"]
transform = Transform( 1, 0, 0, 0, 1, 0, 0, 0, 1, -1.19209e-07, 0, 0 )
mesh = ExtResource( 9 )

[node name="Bookshelf2001" type="MeshInstance" parent="."]
transform = Transform( 0.573577, 0, -0.819152, 0, 1, 0, 0.819152, 0, 0.573577, 2.45746, 1, -1.72073 )
mesh = ExtResource( 8 )

[node name="Books2001" type="MeshInstance" parent="Bookshelf2001"]
mesh = ExtResource( 3 )

[node name="Bookshelf1001" type="MeshInstance" parent="."]
transform = Transform( 0.866025, 0, -0.5, 0, 1, 0, 0.5, 0, 0.866025, 1.5, 1, -2.59808 )
mesh = ExtResource( 8 )

[node name="Books1001" type="MeshInstance" parent="Bookshelf1001"]
mesh = ExtResource( 10 )

[node name="Bookshelf3" type="MeshInstance" parent="."]
transform = Transform( 0.866025, 0, 0.5, 0, 1, 0, -0.5, 0, 0.866025, -1.5, 1, -2.59808 )
mesh = ExtResource( 8 )

[node name="Books3" type="MeshInstance" parent="Bookshelf3"]
mesh = ExtResource( 9 )

[node name="Bookshelf2" type="MeshInstance" parent="."]
transform = Transform( 0.573577, 0, 0.819152, 0, 1, 0, -0.819152, 0, 0.573577, -2.45746, 1, -1.72073 )
mesh = ExtResource( 8 )

[node name="Books2" type="MeshInstance" parent="Bookshelf2"]
mesh = ExtResource( 3 )

[node name="Bookshelf1" type="MeshInstance" parent="."]
transform = Transform( 0.173648, 0, 0.984808, 0, 1, 0, -0.984808, 0, 0.173648, -2.95442, 1, -0.520944 )
mesh = ExtResource( 8 )

[node name="Books1" type="MeshInstance" parent="Bookshelf1"]
mesh = ExtResource( 10 )

[node name="AnimationPlayer_Camera" type="AnimationPlayer" parent="."]
anims/camera1 = ExtResource( 2 )
anims/camera2 = ExtResource( 13 )
anims/camera3 = ExtResource( 12 )

[node name="AnimationPlayer_Broom" type="AnimationPlayer" parent="."]
anims/broom = ExtResource( 11 )
